
0 
22 50 10 -42 30 -20 -8 -72 22 46 -4 -2 -64 -18 -90 -28 22 82 12 -26 -36 -48 -34 -12 -26 48 -66 38 68 -18 12 50 -58 -2 62 -68 36 -72 -54 -14 -10 -60 58 -8 -44 24 -52 -42 -14 -16 -28 -108 -28 -114 -36 10 18 -90 46 4 32 -102 -24 -56 24 -46 -86 -20 -52 52 30 -58 70 26 -14 -72 -36 22 -18 12 100 -28 -80 -24 6 -104 -68 -6 -78 14 4 -6 -108 48 70 112 40 -76 -22 -90 
1 
18 54 138 -8 20 52 82 -30 8 -38 30 138 74 128 48 72 124 96 66 90 6 28 -20 34 56 42 74 34 86 50 144 48 82 14 2 18 2 92 22 84 70 58 70 76 -2 182 54 -32 92 32 112 100 
2 
80 36 158 74 -12 118 66 -10 28 42 92 88 96 160 -2 74 88 4 118 136 158 60 56 102 134 182 160 134 76 148 122 26 58 60 132 94 158 194 92 102 -12 30 50 70 60 114 122 142 6 68 182 
3 
182 92 26 212 148 148 90 118 132 86 80 148 0 160 -16 150 150 128 72 30 132 182 96 184 90 96 84 144 116 194 240 112 122 54 74 88 106 84 118 122 66 -32 102 160 182 106 110 -26 146 146 194 182 182 160 160 158 158 158 
4 
156 156 182 118 106 80 162 110 160 224 94 132 118 178 170 106 132 64 118 -10 186 182 132 116 78 34 172 228 146 172 -2 108 74 192 162 108 182 158 200 160 236 158 140 104 170 166 152 2 186 222 240 212 194 194 
5 
30 220 132 196 168 172 172 142 172 184 176 222 168 170 -6 86 218 192 140 118 130 80 158 160 134 166 98 184 106 190 106 116 126 158 170 176 84 86 222 186 182 170 170 -38 144 196 176 156 84 140 240 236 228 224 222 212 200 194 194 192 
6 
58 172 178 212 152 62 70 114 176 154 98 196 34 76 198 180 32 50 166 126 148 46 168 212 222 182 184 174 6 214 120 210 42 222 176 90 190 146 172 106 154 172 228 110 16 164 174 214 192 154 240 236 228 224 222 222 222 220 218 212 200 196 196 194 194 192 192 
7 
222 184 190 220 178 4 190 194 142 188 192 60 56 202 172 196 160 146 82 172 222 204 196 190 190 210 112 186 172 150 184 194 168 6 90 212 212 186 212 194 238 154 60 170 158 156 202 164 108 188 240 236 228 228 224 222 222 222 222 222 220 218 214 214 212 212 212 210 200 198 196 196 196 194 194 192 192 192 
8 
138 190 158 222 60 174 12 228 188 236 222 252 252 192 230 202 116 182 66 212 238 174 212 170 252 94 132 198 54 222 184 190 110 180 228 220 212 202 166 212 194 148 120 192 200 162 174 236 178 204 240 238 236 228 228 224 222 222 222 222 222 222 222 220 220 218 214 214 212 212 212 212 212 212 210 210 204 202 202 200 198 196 196 196 196 196 194 194 194 194 194 192 192 192 192 
9 
212 222 176 130 70 186 264 236 26 240 220 174 216 212 236 218 170 172 174 112 192 194 78 228 182 222 104 220 224 182 228 220 218 222 148 224 78 228 198 210 220 182 190 210 204 12 174 200 42 178 252 252 252 240 238 238 236 236 236 230 228 228 228 228 224 222 222 222 222 222 222 222 222 222 222 220 220 220 218 214 214 212 212 212 212 212 212 212 212 212 212 210 210 204 204 202 202 202 202 
10 
254 202 228 44 202 64 192 174 222 194 216 44 188 200 142 210 200 -38 238 194 200 42 170 212 200 228 216 86 20 102 222 236 78 46 228 228 222 176 16 212 118 212 200 220 172 210 174 254 252 222 264 252 252 252 240 240 238 238 236 236 236 236 236 230 228 228 228 228 228 228 228 224 224 224 222 222 222 222 222 222 222 222 222 222 222 222 222 220 220 220 220 220 220 220 218 218 218 216 214 214 
11 
268 32 196 118 228 228 132 200 212 168 166 212 212 222 186 220 222 210 228 278 156 222 162 222 232 200 66 184 236 254 96 222 92 136 228 52 254 110 240 228 178 228 126 240 220 224 220 220 186 236 264 254 254 252 252 252 252 240 240 238 238 238 236 236 236 236 236 236 230 228 228 228 228 228 228 228 228 228 228 228 224 224 224 222 222 222 222 222 222 222 222 222 222 222 222 222 222 222 222 222 
12 
208 254 228 228 222 168 264 222 222 64 86 254 62 78 86 200 222 54 222 274 50 176 176 222 208 254 184 118 84 104 112 64 260 134 224 252 120 140 130 236 72 248 222 220 196 260 222 196 222 74 278 268 264 254 254 254 254 252 252 252 252 240 240 240 240 238 238 238 236 236 236 236 236 236 236 236 232 230 228 228 228 228 228 228 228 228 228 228 228 228 228 228 228 228 228 224 224 224 224 
13 
66 232 202 224 240 228 138 116 274 236 216 226 222 136 228 136 56 72 248 18 264 200 46 74 86 224 202 228 224 60 238 174 228 252 184 228 196 278 142 228 140 220 236 278 228 68 198 212 106 252 278 274 268 264 264 260 260 254 254 254 254 254 254 254 252 252 252 252 252 248 240 240 240 240 238 238 238 236 236 236 236 236 236 236 236 236 232 230 228 228 228 228 228 228 228 228 228 228 228 228 
14 
226 264 268 200 58 206 76 254 138 74 196 254 228 256 212 142 254 228 274 254 96 210 190 228 62 202 234 122 210 56 254 100 252 256 228 236 228 228 196 212 254 202 114 94 240 124 228 202 132 36 278 278 278 274 274 268 264 264 264 260 260 254 254 254 254 254 254 254 252 252 252 252 252 252 252 248 248 240 240 240 240 240 238 238 238 238 236 236 236 236 236 236 236 236 236 236 236 232 232 230 
15 
278 26 118 236 264 236 274 274 100 212 104 278 260 54 238 254 240 252 240 78 236 252 106 228 256 228 236 254 228 240 256 228 166 82 260 274 76 240 24 230 252 230 112 228 148 220 256 56 236 240 278 278 278 274 274 274 268 268 264 264 264 264 260 260 256 256 254 254 254 254 254 254 254 254 254 254 254 254 254 252 252 252 252 252 252 252 252 248 248 240 240 240 240 240 240 238 238 238 238 236 
16 
108 244 254 274 254 164 248 128 248 254 252 202 256 254 236 244 240 244 260 228 256 108 240 166 206 254 182 284 256 278 240 254 260 228 252 96 240 64 222 204 278 124 236 254 256 254 168 212 66 274 278 278 278 278 278 274 274 274 274 274 274 268 268 264 264 264 264 264 260 260 260 260 256 256 256 256 256 254 254 254 254 254 254 254 254 254 254 254 254 254 254 254 252 252 252 252 252 252 252 252 
17 
88 222 278 252 252 228 254 222 -48 22 184 278 260 174 114 236 16 162 252 98 254 282 226 106 228 102 254 228 228 254 264 248 256 106 256 244 264 260 116 264 236 282 282 242 166 256 254 254 278 264 284 278 278 278 278 278 278 278 274 274 274 274 274 274 274 274 268 268 264 264 264 264 264 260 260 260 260 260 260 256 256 256 256 256 256 256 256 256 254 254 254 254 254 254 254 254 254 254 254 254 
18 
254 252 254 254 274 256 264 126 228 142 282 260 264 256 200 252 260 242 230 278 278 264 130 260 254 134 264 274 260 226 282 66 290 170 264 282 290 264 264 264 148 202 286 278 228 292 254 286 170 264 284 282 282 282 278 278 278 278 278 278 278 278 278 278 274 274 274 274 274 274 274 274 268 268 264 264 264 264 264 264 264 264 264 260 260 260 260 260 260 260 260 256 256 256 256 256 256 256 256 256 
19 
254 42 268 258 280 278 260 296 282 278 84 222 254 296 228 264 264 206 264 282 264 264 240 2 176 278 180 118 278 298 282 78 184 282 4 80 256 278 256 240 192 86 256 256 298 62 30 284 274 296 292 290 290 286 286 284 282 282 282 282 282 282 278 278 278 278 278 278 278 278 278 278 278 278 278 274 274 274 274 274 274 274 274 274 274 268 268 264 264 264 264 264 264 264 264 264 264 264 264 264 
20 
260 290 298 252 274 278 256 244 244 284 260 296 254 284 274 288 282 272 296 226 254 284 308 140 252 174 108 264 146 2 290 290 120 274 256 264 278 150 274 308 312 264 274 274 312 278 234 250 90 312 298 298 296 296 296 292 290 290 286 286 284 284 282 282 282 282 282 282 282 282 282 282 280 278 278 278 278 278 278 278 278 278 278 278 278 278 278 278 278 278 278 274 274 274 274 274 274 274 274 274 
21 
264 134 298 234 256 278 158 250 274 308 296 278 312 252 264 286 264 274 278 278 268 278 274 228 190 40 128 212 280 54 292 254 56 252 284 94 282 222 278 298 130 46 278 278 104 8 312 256 256 314 312 312 312 308 308 298 298 298 296 296 296 296 296 292 290 290 290 290 290 288 286 286 284 284 284 284 284 282 282 282 282 282 282 282 282 282 282 282 280 278 278 278 278 278 278 278 278 278 278 278 
22 
100 282 240 228 46 164 278 282 280 256 130 282 308 314 290 278 102 266 316 252 104 308 256 264 278 176 58 308 254 216 308 316 278 290 296 272 312 308 78 312 288 278 308 316 282 76 278 254 282 282 314 312 312 312 312 312 308 308 308 298 298 298 298 298 296 296 296 296 296 296 292 292 290 290 290 290 290 288 286 286 286 284 284 284 284 284 284 282 282 282 282 282 282 282 282 282 282 282 282 280 
23 
282 308 314 34 314 282 238 284 270 282 252 290 158 316 134 312 260 282 116 288 308 198 252 200 252 296 98 312 218 152 36 282 262 84 264 102 308 102 284 80 148 298 144 306 0 230 282 278 216 260 316 316 316 314 314 312 312 312 312 312 312 312 308 308 308 308 308 308 308 308 308 298 298 298 298 298 296 296 296 296 296 296 296 292 292 290 290 290 290 290 290 290 288 288 286 286 286 284 284 284 
24 
312 296 316 216 256 290 22 184 112 290 308 286 282 308 264 284 282 40 256 278 282 286 226 286 152 308 64 286 296 274 306 308 248 242 312 298 230 142 154 198 282 312 252 136 312 136 240 312 296 126 316 316 316 316 314 314 314 314 312 312 312 312 312 312 312 312 312 308 308 308 308 308 308 308 308 308 308 308 308 306 298 298 298 298 298 298 296 296 296 296 296 296 296 296 292 292 290 290 290 290 
25 
312 56 296 312 296 108 92 282 312 298 282 316 296 264 308 120 312 316 312 224 312 296 312 284 316 298 312 296 314 312 52 172 92 308 282 290 308 308 308 284 296 312 308 262 264 312 166 122 50 312 316 316 316 316 316 314 314 314 314 312 312 312 312 312 312 312 312 312 312 312 312 312 312 308 308 308 308 308 308 308 308 308 308 308 308 308 308 308 308 306 306 298 298 298 298 298 298 298 296 296 
26 
296 308 306 192 308 316 312 298 312 296 314 312 312 284 306 286 306 264 312 286 296 296 308 306 296 312 284 308 312 244 312 312 308 312 314 306 298 190 152 84 306 306 308 284 308 296 228 94 316 314 316 316 316 316 316 316 316 316 314 314 314 314 314 312 312 312 312 312 312 312 312 312 312 312 312 312 312 312 312 312 312 312 312 312 312 312 312 312 312 308 308 308 308 308 308 308 308 308 308 308 
27 
312 308 306 214 308 312 312 308 308 284 312 296 312 296 312 314 316 312 294 312 312 306 306 314 312 308 312 308 290 312 112 306 126 316 312 86 312 252 306 312 312 296 312 306 168 312 268 312 132 236 316 316 316 316 316 316 316 316 316 316 314 314 314 314 314 314 314 314 312 312 312 312 312 312 312 312 312 312 312 312 312 312 312 312 312 312 312 312 312 312 312 312 312 312 312 312 312 312 312 312 
28 
178 230 204 312 312 308 312 316 312 306 314 80 312 312 290 312 312 312 312 312 76 312 312 308 312 312 312 312 306 160 294 312 252 312 178 312 178 308 284 56 154 312 308 316 316 312 316 316 252 312 316 316 316 316 316 316 316 316 316 316 316 316 314 314 314 314 314 314 314 314 314 314 312 312 312 312 312 312 312 312 312 312 312 312 312 312 312 312 312 312 312 312 312 312 312 312 312 312 312 312 
29 
140 312 312 76 312 312 312 314 312 312 312 312 130 316 316 38 312 170 316 314 72 252 314 308 312 216 312 118 282 26 312 316 230 314 140 34 252 316 312 312 142 308 312 312 308 312 316 294 290 312 316 316 316 316 316 316 316 316 316 316 316 316 316 316 316 316 316 314 314 314 314 314 314 314 314 314 314 314 312 312 312 312 312 312 312 312 312 312 312 312 312 312 312 312 312 312 312 312 312 312 
30 
34 312 316 272 312 284 312 314 312 286 312 312 54 314 314 146 312 160 40 118 312 316 194 308 312 174 314 20 316 316 316 312 312 262 312 282 316 312 312 316 316 316 312 312 312 314 158 312 312 314 316 316 316 316 316 316 316 316 316 316 316 316 316 316 316 316 316 316 316 316 316 316 316 314 314 314 314 314 314 314 314 314 314 314 314 314 314 314 312 312 312 312 312 312 312 312 312 312 312 312 
31 
312 316 316 312 312 312 312 312 312 154 60 314 312 312 316 272 316 314 134 316 316 152 198 316 284 314 312 312 316 316 222 316 312 316 82 84 316 266 312 176 192 312 312 314 160 312 196 312 312 312 316 316 316 316 316 316 316 316 316 316 316 316 316 316 316 316 316 316 316 316 316 316 316 316 316 316 316 316 316 316 316 316 314 314 314 314 314 314 314 314 314 314 314 314 314 314 314 314 314 314 
32 
314 272 312 314 234 312 252 316 316 316 316 108 314 72 84 316 278 316 244 178 316 312 68 272 312 316 316 316 312 108 100 312 312 316 316 84 316 312 316 290 316 154 316 312 314 258 164 312 316 244 316 316 316 316 316 316 316 316 316 316 316 316 316 316 316 316 316 316 316 316 316 316 316 316 316 316 316 316 316 316 316 316 316 316 316 316 316 316 316 316 316 316 316 316 314 314 314 314 314 314 
33 
272 270 312 314 316 316 132 316 316 316 316 312 316 314 312 312 312 316 50 124 316 316 316 158 316 316 272 312 316 316 316 86 184 316 316 316 316 312 126 316 312 316 314 316 200 184 316 316 312 314 316 316 316 316 316 316 316 316 316 316 316 316 316 316 316 316 316 316 316 316 316 316 316 316 316 316 316 316 316 316 316 316 316 316 316 316 316 316 316 316 316 316 316 316 316 316 316 316 316 316 
34 
316 316 316 316 314 316 130 316 316 56 316 316 316 272 316 78 312 316 316 316 164 316 312 316 316 316 158 312 316 316 316 316 94 102 316 154 316 316 312 316 316 312 52 316 316 312 316 312 316 316 316 316 316 316 316 316 316 316 316 316 316 316 316 316 316 316 316 316 316 316 316 316 316 316 316 316 316 316 316 316 316 316 316 316 316 316 316 316 316 316 316 316 316 316 316 316 316 316 316 316 
35 
82 316 316 316 316 316 316 316 316 182 272 316 126 316 106 316 316 272 316 312 316 126 316 102 316 104 92 316 316 316 316 316 316 316 316 316 316 312 264 316 316 316 156 286 312 316 316 136 316 316 316 316 316 316 316 316 316 316 316 316 316 316 316 316 316 316 316 316 316 316 316 316 316 316 316 316 316 316 316 316 316 316 316 316 316 316 316 316 316 316 316 316 316 316 316 316 316 316 316 316 
36 
138 316 316 104 316 236 316 316 316 316 316 316 316 316 316 316 316 162 316 316 316 76 112 250 272 316 286 316 316 184 316 316 316 316 316 316 316 316 282 316 316 316 316 316 316 316 106 316 316 316 316 316 316 316 316 316 316 316 316 316 316 316 316 316 316 316 316 316 316 316 316 316 316 316 316 316 316 316 316 316 316 316 316 316 316 316 316 316 316 316 316 316 316 316 316 316 316 316 316 316 
37 
316 316 282 316 316 316 316 316 256 316 316 316 76 74 76 316 316 316 316 316 66 316 316 316 282 316 316 316 316 170 316 30 316 316 72 106 316 316 316 316 316 316 316 316 316 316 316 130 316 316 316 316 316 316 316 316 316 316 316 316 316 316 316 316 316 316 316 316 316 316 316 316 316 316 316 316 316 316 316 316 316 316 316 316 316 316 316 316 316 316 316 316 316 316 316 316 316 316 316 316 
38 
316 316 316 316 204 316 316 316 158 316 316 316 316 52 316 316 316 316 282 316 316 316 316 316 316 316 316 316 238 282 316 120 132 316 316 316 296 316 122 316 316 316 90 316 316 316 316 316 282 316 316 316 316 316 316 316 316 316 316 316 316 316 316 316 316 316 316 316 316 316 316 316 316 316 316 316 316 316 316 316 316 316 316 316 316 316 316 316 316 316 316 316 316 316 316 316 316 316 316 316 
39 
316 282 316 316 316 316 30 316 316 316 316 316 316 234 96 316 316 74 90 316 50 136 316 316 316 316 316 316 316 316 62 316 316 316 316 100 126 316 316 316 316 118 316 316 316 316 316 316 316 316 316 316 316 316 316 316 316 316 316 316 316 316 316 316 316 316 316 316 316 316 316 316 316 316 316 316 316 316 316 316 316 316 316 316 316 316 316 316 316 316 316 316 316 316 316 316 316 316 316 316 
40 
316 316 316 316 246 144 316 316 316 316 316 272 316 316 316 76 316 316 316 316 316 316 316 212 316 146 316 144 316 316 316 316 316 316 316 78 316 316 316 316 316 244 316 316 118 316 316 104 316 62 316 316 316 316 316 316 316 316 316 316 316 316 316 316 316 316 316 316 316 316 316 316 316 316 316 316 316 316 316 316 316 316 316 316 316 316 316 316 316 316 316 316 316 316 316 316 316 316 316 316 
41 
316 316 316 316 316 290 316 130 316 136 316 316 106 316 316 316 316 316 316 316 168 316 316 316 316 316 316 114 316 246 316 316 92 316 316 316 316 316 316 316 316 316 316 316 316 250 316 112 124 316 316 316 316 316 316 316 316 316 316 316 316 316 316 316 316 316 316 316 316 316 316 316 316 316 316 316 316 316 316 316 316 316 316 316 316 316 316 316 316 316 316 316 316 316 316 316 316 316 316 316 
42 
316 80 150 316 316 228 316 316 316 90 284 316 316 316 316 316 316 316 250 272 316 316 316 316 316 316 316 316 316 316 316 316 316 316 316 316 228 316 316 316 316 316 316 316 316 316 316 316 316 316 316 316 316 316 316 316 316 316 316 316 316 316 316 316 316 316 316 316 316 316 316 316 316 316 316 316 316 316 316 316 316 316 316 316 316 316 316 316 316 316 316 316 316 316 316 316 316 316 316 316 
43 
316 316 94 316 316 316 316 100 316 316 316 316 316 316 284 38 316 108 316 140 316 316 316 316 282 74 316 316 250 316 316 204 46 316 316 316 182 316 284 316 316 110 316 316 74 316 316 316 316 316 316 316 316 316 316 316 316 316 316 316 316 316 316 316 316 316 316 316 316 316 316 316 316 316 316 316 316 316 316 316 316 316 316 316 316 316 316 316 316 316 316 316 316 316 316 316 316 316 316 316 
44 
66 132 84 86 316 316 316 316 316 78 316 316 316 316 316 316 316 316 134 282 86 316 284 316 316 316 316 54 316 316 130 316 50 164 316 112 106 316 316 316 316 316 316 316 316 316 316 316 316 316 316 316 316 316 316 316 316 316 316 316 316 316 316 316 316 316 316 316 316 316 316 316 316 316 316 316 316 316 316 316 316 316 316 316 316 316 316 316 316 316 316 316 316 316 316 316 316 316 316 316 
45 
228 316 316 316 316 94 316 316 316 316 198 256 316 316 316 316 282 316 316 104 166 96 316 316 316 316 316 84 316 316 228 316 316 162 160 316 316 316 316 198 104 316 212 114 316 316 282 -12 316 316 316 316 316 316 316 316 316 316 316 316 316 316 316 316 316 316 316 316 316 316 316 316 316 316 316 316 316 316 316 316 316 316 316 316 316 316 316 316 316 316 316 316 316 316 316 316 316 316 316 316 
46 
140 316 316 316 154 316 316 316 316 316 138 316 316 316 316 100 316 316 316 340 316 316 316 78 316 316 316 316 300 316 316 316 316 316 316 316 316 316 316 316 316 172 316 316 186 152 316 282 316 316 316 316 316 316 316 316 316 316 316 316 316 316 316 316 316 316 316 316 316 316 316 316 316 316 316 316 316 316 316 316 316 316 316 316 316 316 316 316 316 316 316 316 316 316 316 316 316 316 316 316 
47 
316 316 316 102 316 316 316 300 316 316 316 316 316 316 316 316 316 316 316 316 316 316 200 96 124 316 316 316 316 124 316 316 316 316 106 316 316 340 316 316 134 316 316 316 316 172 316 316 316 282 340 316 316 316 316 316 316 316 316 316 316 316 316 316 316 316 316 316 316 316 316 316 316 316 316 316 316 316 316 316 316 316 316 316 316 316 316 316 316 316 316 316 316 316 316 316 316 316 316 316 
48 
250 164 316 316 132 316 22 316 316 316 316 34 340 162 316 316 118 316 316 340 316 316 316 128 316 316 316 316 316 316 48 316 316 72 316 316 142 316 316 316 316 316 92 212 316 316 316 316 316 316 340 340 316 316 316 316 316 316 316 316 316 316 316 316 316 316 316 316 316 316 316 316 316 316 316 316 316 316 316 316 316 316 316 316 316 316 316 316 316 316 316 316 316 316 316 316 316 316 316 316 
49 
176 316 316 260 316 316 16 224 316 160 316 316 340 140 316 316 316 340 128 108 62 316 316 316 178 316 316 280 316 316 138 316 340 316 316 54 316 152 316 316 316 316 316 316 316 316 316 316 316 340 340 340 340 340 316 316 316 316 316 316 316 316 316 316 316 316 316 316 316 316 316 316 316 316 316 316 316 316 316 316 316 316 316 316 316 316 316 316 316 316 316 316 316 316 316 316 316 316 316 316 
50 
138 316 316 200 316 316 316 340 108 316 130 340 316 316 316 340 316 64 316 316 340 316 316 316 316 316 316 316 136 294 60 316 316 280 316 160 316 316 140 316 316 88 316 316 316 316 316 316 54 316 340 340 340 340 340 340 340 340 316 316 316 316 316 316 316 316 316 316 316 316 316 316 316 316 316 316 316 316 316 316 316 316 316 316 316 316 316 316 316 316 316 316 316 316 316 316 316 316 316 316 
51 
202 316 232 316 316 316 316 206 340 316 110 168 316 202 316 316 340 316 138 316 316 316 340 316 108 316 316 170 160 68 316 316 316 340 114 340 316 118 316 340 316 94 316 340 316 56 200 316 316 316 340 340 340 340 340 340 340 340 340 340 340 340 316 316 316 316 316 316 316 316 316 316 316 316 316 316 316 316 316 316 316 316 316 316 316 316 316 316 316 316 316 316 316 316 316 316 316 316 316 316 
52 
316 316 316 178 92 316 340 316 316 340 340 316 340 224 230 340 316 340 316 82 316 316 316 316 78 316 316 270 154 316 340 316 108 120 316 86 316 316 340 340 316 316 104 316 92 60 340 94 58 316 340 340 340 340 340 340 340 340 340 340 340 340 340 340 340 340 340 340 340 316 316 316 316 316 316 316 316 316 316 316 316 316 316 316 316 316 316 316 316 316 316 316 316 316 316 316 316 316 316 316 
53 
316 120 340 138 172 296 316 340 114 316 316 340 198 316 316 130 22 270 316 340 316 316 76 244 132 316 316 340 316 230 340 316 316 152 228 48 340 316 316 340 316 114 170 316 106 94 144 316 154 66 340 340 340 340 340 340 340 340 340 340 340 340 340 340 340 340 340 340 340 340 340 340 340 340 340 340 340 340 340 316 316 316 316 316 316 316 316 316 316 316 316 316 316 316 316 316 316 316 316 316 
54 
76 340 316 316 316 340 340 126 316 340 340 340 340 340 316 340 340 316 176 340 340 316 340 138 340 136 316 270 340 230 340 340 166 340 316 340 316 340 340 340 316 316 316 340 292 296 340 340 288 130 340 340 340 340 340 340 340 340 340 340 340 340 340 340 340 340 340 340 340 340 340 340 340 340 340 340 340 340 340 340 340 340 340 340 340 340 340 316 316 316 316 316 316 316 316 316 316 316 316 316 
55 
340 340 316 316 150 316 340 296 340 316 316 128 340 122 340 54 340 340 340 316 340 340 316 316 340 340 84 316 316 340 94 340 316 340 316 316 340 292 296 340 340 340 340 340 140 316 316 128 70 70 340 340 340 340 340 340 340 340 340 340 340 340 340 340 340 340 340 340 340 340 340 340 340 340 340 340 340 340 340 340 340 340 340 340 340 340 340 340 340 340 340 340 340 340 340 340 340 340 340 340 
56 
340 340 84 340 340 316 340 340 316 184 340 340 340 316 340 340 60 340 78 204 316 340 340 340 340 340 118 340 340 340 340 340 216 340 340 340 340 144 340 340 296 176 340 340 316 340 340 340 340 340 340 340 340 340 340 340 340 340 340 340 340 340 340 340 340 340 340 340 340 340 340 340 340 340 340 340 340 340 340 340 340 340 340 340 340 340 340 340 340 340 340 340 340 340 340 340 340 340 340 340 
57 
340 340 186 340 316 340 102 340 192 340 340 340 222 340 340 340 228 162 340 252 340 340 340 316 340 122 316 340 44 134 44 340 264 12 340 340 62 316 340 340 340 340 316 54 316 340 316 340 340 340 340 340 340 340 340 340 340 340 340 340 340 340 340 340 340 340 340 340 340 340 340 340 340 340 340 340 340 340 340 340 340 340 340 340 340 340 340 340 340 340 340 340 340 340 340 340 340 340 340 340 
58 
340 340 316 340 340 340 270 316 340 340 152 340 340 340 340 340 158 340 130 340 340 340 340 340 340 8 340 142 340 340 340 164 316 340 28 340 174 340 340 340 80 92 340 340 340 340 340 286 340 340 340 340 340 340 340 340 340 340 340 340 340 340 340 340 340 340 340 340 340 340 340 340 340 340 340 340 340 340 340 340 340 340 340 340 340 340 340 340 340 340 340 340 340 340 340 340 340 340 340 340 
59 
340 340 340 340 340 340 340 340 340 340 340 340 340 248 340 340 204 340 340 340 340 340 340 340 340 340 174 340 110 340 340 340 340 340 142 114 222 340 340 340 340 340 340 316 340 340 340 340 340 340 340 340 340 340 340 340 340 340 340 340 340 340 340 340 340 340 340 340 340 340 340 340 340 340 340 340 340 340 340 340 340 340 340 340 340 340 340 340 340 340 340 340 340 340 340 340 340 340 340 340 
60 
160 340 118 340 92 340 340 340 64 340 340 96 340 340 340 340 340 170 192 340 340 340 340 340 340 340 340 340 340 340 340 340 340 340 128 340 340 32 184 340 274 150 340 60 340 340 340 340 340 340 340 340 340 340 340 340 340 340 340 340 340 340 340 340 340 340 340 340 340 340 340 340 340 340 340 340 340 340 340 340 340 340 340 340 340 340 340 340 340 340 340 340 340 340 340 340 340 340 340 340 
61 
340 340 96 340 340 340 120 340 340 274 340 154 238 106 340 340 340 340 294 340 340 272 146 340 340 340 340 340 340 340 340 340 226 340 266 340 340 340 340 340 340 340 270 234 340 340 340 340 340 296 340 340 340 340 340 340 340 340 340 340 340 340 340 340 340 340 340 340 340 340 340 340 340 340 340 340 340 340 340 340 340 340 340 340 340 340 340 340 340 340 340 340 340 340 340 340 340 340 340 340 
62 
106 340 226 340 340 130 340 340 340 340 274 338 340 340 340 340 340 340 274 296 340 340 340 222 174 340 98 340 22 340 340 110 340 82 340 340 340 340 340 340 340 340 340 272 340 128 340 340 340 340 340 340 340 340 340 340 340 340 340 340 340 340 340 340 340 340 340 340 340 340 340 340 340 340 340 340 340 340 340 340 340 340 340 340 340 340 340 340 340 340 340 340 340 340 340 340 340 340 340 340 
63 
340 28 340 42 340 340 340 340 310 340 340 340 340 338 340 340 340 340 340 340 340 340 340 340 340 340 142 340 340 318 174 340 340 340 340 340 340 340 340 130 338 196 340 340 52 340 340 340 340 340 340 340 340 340 340 340 340 340 340 340 340 340 340 340 340 340 340 340 340 340 340 340 340 340 340 340 340 340 340 340 340 340 340 340 340 340 340 340 340 340 340 340 340 340 340 340 340 340 340 340 
64 
340 340 340 340 78 340 162 70 340 252 340 226 340 340 340 340 340 340 248 340 138 340 340 340 340 140 146 340 340 340 236 138 142 216 114 340 340 340 96 340 340 340 340 340 310 340 340 112 340 46 340 340 340 340 340 340 340 340 340 340 340 340 340 340 340 340 340 340 340 340 340 340 340 340 340 340 340 340 340 340 340 340 340 340 340 340 340 340 340 340 340 340 340 340 340 340 340 340 340 340 
65 
172 340 340 278 242 340 312 340 340 340 340 340 340 182 126 340 340 254 340 340 340 340 340 340 340 340 340 340 340 340 204 106 64 340 154 340 340 340 160 340 184 340 340 340 80 340 74 340 340 340 340 340 340 340 340 340 340 340 340 340 340 340 340 340 340 340 340 340 340 340 340 340 340 340 340 340 340 340 340 340 340 340 340 340 340 340 340 340 340 340 340 340 340 340 340 340 340 340 340 340 
66 
108 66 340 340 340 110 114 174 340 340 340 306 186 340 168 340 340 340 340 340 340 340 340 340 340 340 340 340 340 102 340 340 340 118 340 340 340 340 340 340 340 340 312 340 340 56 340 340 340 340 340 340 340 340 340 340 340 340 340 340 340 340 340 340 340 340 340 340 340 340 340 340 340 340 340 340 340 340 340 340 340 340 340 340 340 340 340 340 340 340 340 340 340 340 340 340 340 340 340 340 
67 
340 340 134 158 340 340 152 340 340 158 340 166 340 340 340 56 340 340 340 44 170 340 340 340 340 340 340 340 340 340 126 340 340 152 156 266 340 340 98 340 340 340 340 118 340 124 340 340 340 340 340 340 340 340 340 340 340 340 340 340 340 340 340 340 340 340 340 340 340 340 340 340 340 340 340 340 340 340 340 340 340 340 340 340 340 340 340 340 340 340 340 340 340 340 340 340 340 340 340 340 
68 
340 178 340 340 102 340 340 210 156 340 140 128 124 108 340 340 340 340 340 156 340 340 146 340 172 340 340 340 130 340 340 162 340 340 340 64 340 158 340 182 340 340 340 340 340 340 68 340 340 340 340 340 340 340 340 340 340 340 340 340 340 340 340 340 340 340 340 340 340 340 340 340 340 340 340 340 340 340 340 340 340 340 340 340 340 340 340 340 340 340 340 340 340 340 340 340 340 340 340 340 
69 
340 340 340 340 340 252 196 340 340 340 340 340 340 340 176 340 130 340 340 102 164 340 340 340 340 340 240 178 182 340 340 340 340 340 340 240 340 340 340 340 340 340 340 340 340 340 232 114 252 340 340 340 340 340 340 340 340 340 340 340 340 340 340 340 340 340 340 340 340 340 340 340 340 340 340 340 340 340 340 340 340 340 340 340 340 340 340 340 340 340 340 340 340 340 340 340 340 340 340 340 
70 
144 340 180 340 340 340 340 340 340 340 340 154 310 340 340 132 340 340 94 340 340 340 340 340 340 340 58 340 340 340 306 98 340 124 112 340 340 56 340 340 158 340 340 268 340 340 340 340 72 340 340 340 340 340 340 340 340 340 340 340 340 340 340 340 340 340 340 340 340 340 340 340 340 340 340 340 340 340 340 340 340 340 340 340 340 340 340 340 340 340 340 340 340 340 340 340 340 340 340 340 
71 
140 340 146 340 340 340 340 74 340 292 138 340 340 340 340 340 118 306 340 202 340 234 340 340 340 128 340 110 340 294 268 306 340 340 316 340 340 340 96 340 340 98 226 94 164 340 56 340 340 340 340 340 340 340 340 340 340 340 340 340 340 340 340 340 340 340 340 340 340 340 340 340 340 340 340 340 340 340 340 340 340 340 340 340 340 340 340 340 340 340 340 340 340 340 340 340 340 340 340 340 
72 
340 340 316 340 272 340 -14 340 340 340 340 340 340 126 140 340 340 340 186 340 340 340 340 308 236 340 340 340 80 340 142 340 340 340 340 340 340 340 340 204 340 340 340 340 292 340 340 110 52 340 340 340 340 340 340 340 340 340 340 340 340 340 340 340 340 340 340 340 340 340 340 340 340 340 340 340 340 340 340 340 340 340 340 340 340 340 340 340 340 340 340 340 340 340 340 340 340 340 340 340 
73 
2 340 340 340 340 340 66 340 340 340 340 340 62 106 340 340 340 340 340 340 340 340 178 30 340 298 116 340 272 340 340 132 340 112 100 272 120 340 340 340 340 0 340 340 340 340 340 340 340 120 340 340 340 340 340 340 340 340 340 340 340 340 340 340 340 340 340 340 340 340 340 340 340 340 340 340 340 340 340 340 340 340 340 340 340 340 340 340 340 340 340 340 340 340 340 340 340 340 340 340 
74 
340 340 340 340 106 340 340 340 100 340 172 340 340 92 340 340 48 340 100 340 340 340 340 186 340 166 340 340 340 150 340 340 114 84 340 340 340 340 76 340 130 340 340 340 150 340 106 340 340 340 340 340 340 340 340 340 340 340 340 340 340 340 340 340 340 340 340 340 340 340 340 340 340 340 340 340 340 340 340 340 340 340 340 340 340 340 340 340 340 340 340 340 340 340 340 340 340 340 340 340 
75 
90 340 340 340 340 340 110 340 340 180 138 340 340 340 160 340 340 60 340 340 226 340 340 340 252 126 340 340 94 340 340 110 340 340 340 266 340 340 340 340 214 340 340 340 340 84 340 296 340 340 340 340 340 340 340 340 340 340 340 340 340 340 340 340 340 340 340 340 340 340 340 340 340 340 340 340 340 340 340 340 340 340 340 340 340 340 340 340 340 340 340 340 340 340 340 340 340 340 340 340 
76 
340 144 340 340 38 340 40 340 340 152 296 340 340 340 340 76 196 88 340 340 340 340 340 340 340 54 238 340 340 340 340 204 340 340 340 340 98 340 340 340 340 88 96 320 340 340 340 340 340 340 340 340 340 340 340 340 340 340 340 340 340 340 340 340 340 340 340 340 340 340 340 340 340 340 340 340 340 340 340 340 340 340 340 340 340 340 340 340 340 340 340 340 340 340 340 340 340 340 340 340 
77 
138 340 180 340 340 216 340 238 340 340 166 340 340 120 86 340 340 96 340 186 218 340 86 340 60 340 148 100 340 340 164 340 340 340 240 340 340 340 340 70 340 340 340 340 70 340 340 340 340 296 340 340 340 340 340 340 340 340 340 340 340 340 340 340 340 340 340 340 340 340 340 340 340 340 340 340 340 340 340 340 340 340 340 340 340 340 340 340 340 340 340 340 340 340 340 340 340 340 340 340 
78 
340 340 340 276 340 340 140 108 340 340 340 340 262 340 200 340 340 340 130 340 340 340 340 340 340 340 254 340 54 274 82 340 340 340 340 128 340 274 340 340 134 340 340 340 106 340 340 340 340 340 340 340 340 340 340 340 340 340 340 340 340 340 340 340 340 340 340 340 340 340 340 340 340 340 340 340 340 340 340 340 340 340 340 340 340 340 340 340 340 340 340 340 340 340 340 340 340 340 340 340 
79 
340 110 340 100 340 120 340 340 114 176 340 340 340 340 340 340 340 340 296 340 340 340 340 340 340 340 340 340 340 340 340 340 296 340 340 296 340 340 88 340 80 124 340 166 62 340 340 340 340 340 340 340 340 340 340 340 340 340 340 340 340 340 340 340 340 340 340 340 340 340 340 340 340 340 340 340 340 340 340 340 340 340 340 340 340 340 340 340 340 340 340 340 340 340 340 340 340 340 340 340 
80 
150 340 340 340 128 340 340 142 340 66 340 340 340 340 340 340 340 88 144 156 106 272 340 104 340 340 162 40 340 340 340 340 296 340 340 340 220 340 106 340 340 340 340 296 340 342 340 340 340 342 340 340 340 340 340 340 340 340 340 340 340 340 340 340 340 340 340 340 340 340 340 340 340 340 340 340 340 340 340 340 340 340 340 340 340 340 340 340 340 340 340 340 340 340 340 340 340 340 340 340 
81 
340 340 340 340 166 340 340 74 340 340 340 124 340 274 340 340 340 340 340 340 340 340 340 340 340 172 182 214 112 340 340 340 340 340 340 340 340 340 264 340 340 174 340 340 340 96 342 90 340 340 342 342 340 340 340 340 340 340 340 340 340 340 340 340 340 340 340 340 340 340 340 340 340 340 340 340 340 340 340 340 340 340 340 340 340 340 340 340 340 340 340 340 340 340 340 340 340 340 340 340 
82 
340 306 340 136 340 274 340 342 340 342 134 340 340 340 340 340 340 340 102 340 340 340 340 340 340 340 340 340 100 340 340 174 268 340 340 340 340 342 340 340 120 104 340 340 340 340 340 196 340 64 342 342 342 340 340 340 340 340 340 340 340 340 340 340 340 340 340 340 340 340 340 340 340 340 340 340 340 340 340 340 340 340 340 340 340 340 340 340 340 340 340 340 340 340 340 340 340 340 340 340 
83 
226 340 100 88 340 174 340 340 340 340 84 340 340 340 340 340 340 342 340 340 340 52 340 340 340 118 340 340 340 340 340 340 340 340 340 162 218 340 340 340 340 340 340 340 340 340 340 342 340 340 342 342 342 342 342 342 340 340 340 340 340 340 340 340 340 340 340 340 340 340 340 340 340 340 340 340 340 340 340 340 340 340 340 340 340 340 340 340 340 340 340 340 340 340 340 340 340 340 340 340 
84 
342 340 178 340 340 294 340 342 340 340 340 118 340 340 184 340 70 340 144 340 104 342 340 340 340 340 218 256 340 188 268 126 340 340 340 340 340 340 340 340 184 340 130 340 176 340 340 340 174 340 342 342 342 342 342 342 342 342 340 340 340 340 340 340 340 340 340 340 340 340 340 340 340 340 340 340 340 340 340 340 340 340 340 340 340 340 340 340 340 340 340 340 340 340 340 340 340 340 340 340 
85 
340 340 340 340 90 340 340 342 342 340 340 340 128 158 154 340 340 136 342 310 340 340 160 340 340 340 340 340 58 110 340 340 240 340 136 340 340 212 80 340 264 184 340 340 340 252 340 340 320 340 342 342 342 342 342 342 342 342 342 342 342 340 340 340 340 340 340 340 340 340 340 340 340 340 340 340 340 340 340 340 340 340 340 340 340 340 340 340 340 340 340 340 340 340 340 340 340 340 340 340 
86 
342 340 342 340 132 342 142 340 110 342 160 340 340 340 340 -4 340 224 340 264 206 340 342 -14 184 182 340 320 342 340 340 340 310 340 340 340 340 340 340 60 340 340 340 340 342 340 340 138 340 50 342 342 342 342 342 342 342 342 342 342 342 342 342 342 340 340 340 340 340 340 340 340 340 340 340 340 340 340 340 340 340 340 340 340 340 340 340 340 340 340 340 340 340 340 340 340 340 340 340 340 
87 
286 60 340 340 318 276 88 188 318 342 110 340 340 102 340 340 340 342 340 160 340 74 340 120 340 340 340 340 98 340 342 340 166 340 340 342 106 342 140 340 340 340 342 342 342 154 340 340 122 318 342 342 342 342 342 342 342 342 342 342 342 342 342 342 342 342 342 342 342 342 342 340 340 340 340 340 340 340 340 340 340 340 340 340 340 340 340 340 340 340 340 340 340 340 340 340 340 340 340 340 
88 
340 340 342 248 342 340 340 342 342 340 304 340 296 342 340 200 322 340 340 342 342 340 340 340 318 340 274 342 190 340 340 298 308 320 34 340 138 340 340 340 320 262 340 340 340 340 340 78 276 60 342 342 342 342 342 342 342 342 342 342 342 342 342 342 342 342 342 342 342 342 342 342 342 342 342 342 342 342 342 340 340 340 340 340 340 340 340 340 340 340 340 340 340 340 340 340 340 340 340 340 
89 
342 340 318 340 294 342 102 342 342 340 298 138 340 342 340 342 342 126 176 340 322 40 276 342 340 318 32 340 342 318 340 340 192 340 342 320 340 342 340 110 -6 298 342 232 342 184 342 342 342 340 342 342 342 342 342 342 342 342 342 342 342 342 342 342 342 342 342 342 342 342 342 342 342 342 342 342 342 342 342 342 342 342 342 342 342 342 342 340 340 340 340 340 340 340 340 340 340 340 340 340 
90 
204 90 342 342 322 342 38 340 340 342 342 294 342 342 258 342 342 342 92 342 340 132 338 340 340 342 110 340 340 86 342 320 320 342 342 342 342 342 320 234 340 132 342 342 342 28 342 342 342 340 342 342 342 342 342 342 342 342 342 342 342 342 342 342 342 342 342 342 342 342 342 342 342 342 342 342 342 342 342 342 342 342 342 342 342 342 342 342 342 342 342 342 342 342 342 342 342 342 342 342 
91 
342 38 342 342 114 342 342 176 342 342 118 342 342 342 342 342 340 340 342 52 342 342 340 342 340 98 234 342 340 342 172 56 296 342 342 340 342 342 342 320 342 342 102 340 342 340 248 340 342 342 342 342 342 342 342 342 342 342 342 342 342 342 342 342 342 342 342 342 342 342 342 342 342 342 342 342 342 342 342 342 342 342 342 342 342 342 342 342 342 342 342 342 342 342 342 342 342 342 342 342 
92 
110 342 186 342 340 342 342 342 342 342 194 342 164 340 342 238 342 342 340 342 342 342 342 342 342 342 342 342 340 342 342 50 64 342 342 320 132 342 208 342 342 342 342 342 342 80 342 342 296 342 342 342 342 342 342 342 342 342 342 342 342 342 342 342 342 342 342 342 342 342 342 342 342 342 342 342 342 342 342 342 342 342 342 342 342 342 342 342 342 342 342 342 342 342 342 342 342 342 342 342 
93 
340 230 342 342 342 342 342 342 342 342 342 342 342 276 96 342 342 284 342 144 342 342 342 60 342 76 342 72 342 342 342 342 342 342 220 342 342 342 342 342 342 342 342 80 342 340 342 136 342 144 342 342 342 342 342 342 342 342 342 342 342 342 342 342 342 342 342 342 342 342 342 342 342 342 342 342 342 342 342 342 342 342 342 342 342 342 342 342 342 342 342 342 342 342 342 342 342 342 342 342 
94 
96 342 342 342 342 342 342 342 342 342 138 342 342 342 342 342 342 342 250 342 342 116 110 342 138 54 136 342 342 342 342 340 340 342 342 342 342 342 342 342 342 342 342 342 342 284 162 342 342 342 342 342 342 342 342 342 342 342 342 342 342 342 342 342 342 342 342 342 342 342 342 342 342 342 342 342 342 342 342 342 342 342 342 342 342 342 342 342 342 342 342 342 342 342 342 342 342 342 342 342 
95 
342 342 342 342 342 342 156 342 342 52 342 342 342 342 108 342 342 116 84 342 176 172 342 98 342 342 342 284 342 342 342 342 342 342 180 342 342 18 342 342 342 342 342 110 90 342 250 114 342 158 342 342 342 342 342 342 342 342 342 342 342 342 342 342 342 342 342 342 342 342 342 342 342 342 342 342 342 342 342 342 342 342 342 342 342 342 342 342 342 342 342 342 342 342 342 342 342 342 342 342 
96 
204 114 342 342 342 342 342 342 342 342 342 232 342 342 342 342 342 342 342 70 342 320 342 342 342 342 342 342 228 342 72 310 342 342 342 342 270 60 78 342 112 284 342 134 342 342 342 172 342 342 342 342 342 342 342 342 342 342 342 342 342 342 342 342 342 342 342 342 342 342 342 342 342 342 342 342 342 342 342 342 342 342 342 342 342 342 342 342 342 342 342 342 342 342 342 342 342 342 342 342 
97 
122 342 342 342 342 342 342 182 342 136 342 342 342 342 342 342 342 342 342 342 114 342 342 342 310 342 342 342 342 242 342 342 342 342 342 342 342 342 342 228 342 342 342 300 342 342 342 342 342 342 342 342 342 342 342 342 342 342 342 342 342 342 342 342 342 342 342 342 342 342 342 342 342 342 342 342 342 342 342 342 342 342 342 342 342 342 342 342 342 342 342 342 342 342 342 342 342 342 342 342 
98 
342 102 342 342 342 342 108 188 342 342 342 342 242 342 342 342 150 342 342 342 342 342 342 342 342 342 342 340 342 342 140 112 342 342 342 92 174 342 342 342 342 342 138 342 342 342 342 342 138 148 342 342 342 342 342 342 342 342 342 342 342 342 342 342 342 342 342 342 342 342 342 342 342 342 342 342 342 342 342 342 342 342 342 342 342 342 342 342 342 342 342 342 342 342 342 342 342 342 342 342 
99 
342 342 342 178 342 342 182 130 342 342 342 116 120 342 70 342 68 124 342 342 342 312 342 170 156 186 228 342 342 342 342 342 340 202 342 342 96 342 342 342 342 340 342 342 342 342 264 342 342 342 342 342 342 342 342 342 342 342 342 342 342 342 342 342 342 342 342 342 342 342 342 342 342 342 342 342 342 342 342 342 342 342 342 342 342 342 342 342 342 342 342 342 342 342 342 342 342 342 342 342 